Left: 
KP: 3.639751362712226
KI: 0.014190982905750906
KD: 0