KPLeft: 3.639751362712226
KILeft: 0.014190982905750906
KD: 0

KPRight: 3.639751362712226
KIRight: 0.014190982905750906
KD: 0